simsize: 33
FA: 0.14967324749592906
Fiber fractions: [5.94125226e-01 1.36563926e-04 4.05738210e-01]
Angles: [121.56264354  95.30680411 109.84958482]
Dxx_base: 2e-09
bigDelta: 0.066
smallDelta: 0.06
gmax: 0.04
gamma: 267475198.526635
bmax: 10000
