simsize: 33
FA: 0.3426162053887847
Fiber fractions: [1.]
Angle_xy: [62.49519211]
Angle_yz: [31.95042528]
Dxx_individual: [1.76377663e-09]
bigDelta: 0.066
smallDelta: 0.06
gmax: 0.04
gamma: 267475198.526635
bmax: 10000
