simsize: 33
FA: 0.653555506095503
Fiber fractions: [1.]
Angle_xy: [135.55410909]
Angle_yz: [16.44459913]
Dxx_individual: [2.3389461e-09]
bigDelta: 0.066
smallDelta: 0.06
gmax: 0.04
gamma: 267475198.526635
bmax: 10000
