simsize: 33
FA: 0.8777862982094211
Fiber fractions: [1.]
Angle_xy: [104.95082488]
Angle_yz: [82.20985697]
Dxx_individual: [2.14782612e-09]
bigDelta: 0.066
smallDelta: 0.06
gmax: 0.04
gamma: 267475198.526635
bmax: 10000
