simsize: 33
FA: 0.2690760309326462
Fiber fractions: [1.]
Angle_xy: [145.79381889]
Angle_yz: [128.85303415]
Dxx_individual: [1.80808373e-09]
bigDelta: 0.066
smallDelta: 0.06
gmax: 0.04
gamma: 267475198.526635
bmax: 10000
