simsize: 33
FA: 0.8373033651207452
Fiber fractions: [0.07443028 0.46800448 0.45756524]
Angles: [80.67530739 59.76657337 44.2537098 ]
Dxx_base: 2e-09
bigDelta: 0.066
smallDelta: 0.06
gmax: 0.04
gamma: 267475198.526635
bmax: 10000
