simsize: 33
FA: 0.9568084394964759
Fiber fractions: [0.90252589 0.09747411]
Angle_xy: [105.04160815  35.07827521]
Angle_yz: [160.70836833  94.00746193]
Dxx_individual: [2.06786249e-09 1.94964000e-09]
bigDelta: 0.066
smallDelta: 0.06
gmax: 0.04
gamma: 267475198.526635
bmax: 10000
