simsize: 33
FA: 0.476299390851966
Fiber fractions: [0.92508125 0.07491875]
Angle_xy: [ 25.43832395 137.46222619]
Angle_yz: [126.68993988  31.82404824]
Dxx_individual: [1.96335067e-09 1.87806493e-09]
bigDelta: 0.066
smallDelta: 0.06
gmax: 0.04
gamma: 267475198.526635
bmax: 10000
