simsize: 33
FA: 0.5115952814738748
Fiber fractions: [0.07210534 0.1028822  0.82501245]
Angles: [155.21352961  81.9196666  118.56072349]
Dxx_base: 2e-09
bigDelta: 0.066
smallDelta: 0.06
gmax: 0.04
gamma: 267475198.526635
bmax: 10000
