simsize: 33
FA: 0.7847806123173694
Fiber fractions: [1.]
Angle_xy: [72.37398997]
Angle_yz: [41.96930008]
Dxx_individual: [1.7534987e-09]
bigDelta: 0.066
smallDelta: 0.06
gmax: 0.04
gamma: 267475198.526635
bmax: 10000
