simsize: 33
FA: 0.8981233620792588
Fiber fractions: [1.]
Angle_xy: [4.6168868]
Angle_yz: [50.2003851]
Dxx_individual: [2.39712177e-09]
bigDelta: 0.066
smallDelta: 0.06
gmax: 0.04
gamma: 267475198.526635
bmax: 10000
