simsize: 33
FA: 0.060190848775901536
Fiber fractions: [0.02435121 0.14110127 0.83454752]
Angles: [33.20694682 68.83799537 28.34281513]
Dxx_base: 2e-09
bigDelta: 0.066
smallDelta: 0.06
gmax: 0.04
gamma: 267475198.526635
bmax: 10000
